area_m2,quartos,idade_anos,y
45,1,18,185
52,2,12,228
60,2,8,275
65,2,15,263
70,3,10,318
75,2,5,335
80,3,12,342
85,3,7,389
90,3,15,375
95,3,6,428
100,3,10,415
105,4,8,472
110,3,5,485
115,4,12,468
120,4,7,525
125,3,15,498
130,4,10,535
135,4,5,590
140,4,8,578
145,4,12,560
150,4,6,625
155,5,10,615
160,4,5,680
165,5,8,665
170,4,12,645
175,5,6,715
180,5,10,700
185,5,5,765
190,4,8,748
195,5,12,720
200,5,6,810
205,5,10,795
210,5,5,855
215,5,8,840
220,4,12,815
225,5,6,885
230,5,10,870
235,5,5,930
240,5,8,915
245,5,12,890
250,5,6,960